1009.8666 1009.8666 960.0000
971.0878 970.9826 965.0000
971.4308 971.1549 965.0000
974.9052 973.9894 970.0000
978.0928 976.2671 970.0000
984.4142 980.8748 975.0000
989.6320 988.6226 980.0000
993.4149 992.5776 980.0000
994.4726 993.9034 985.0000
995.9576 995.6176 982.0000
996.1883 995.7200 982.0000
997.0115 996.4760 985.0000
997.1086 997.1840 985.0000
997.7997 998.4178 985.0000
997.0367 998.4512 985.0000
999.0924 1000.1728 985.0000
1001.3132 1000.5200 985.0000
1001.4200 997.6673 988.0000
998.9262 996.5760 988.0000
