 24.8642  24.8642  40.0000
 26.0766  27.9151  38.0000
 27.3878  30.6015  38.0000
 22.1475  28.5722  35.0000
 22.2168  27.4450  35.0000
 17.9890  22.2091  33.0000
 15.3458  17.0616  25.0000
 15.4634  17.2816  23.0000
 15.8576  16.1658  20.0000
 14.8378  17.3744  20.0000
 16.0046  16.2697  20.0000
 15.3346  15.4695  18.0000
 14.7677  14.8582  18.0000
 14.2188  16.0165  15.0000
 15.2303  14.0200  15.0000
 15.8413  16.0594  15.0000
 17.6600  17.5579  15.0000
 18.1755  18.3127  15.0000
 15.0907  14.0779  15.0000
 15.4641  13.6930  15.0000
 14.5238  14.7858  15.0000
 14.7122  14.9429  15.0000
 12.9026  13.9886  15.0000
