 14.3494  14.3494
 13.2119  13.1928
 14.2785  14.2943
 12.6486  12.4218
 12.8374  16.3809
 14.0877  16.6710
 15.4703  17.4896
 16.9115  19.2823
 15.2618  16.3400
 12.2603  15.3100
 12.4648  14.3517
 12.5976  15.0765
 11.9498  15.5437
  9.3390  13.7611
  9.5290  13.3804
  8.9563  13.5123
 10.1716  13.1170
  9.2476  10.4786
  8.7008   8.5967
  6.8717   7.5679
  6.3863   7.7361
  6.8755   8.0195
  7.0777   8.1739
  7.3229   8.3299
  7.6362   8.2859
  7.7852   8.5857
  7.2431   8.4424
  8.0839   7.8505
  7.2326   6.7939
  6.8526   5.9908
  5.9913   6.2813
  5.2911   5.9567
  5.5091   6.5340
  5.6989   6.2740
  4.9166   6.2769
  4.4963   4.9464
  4.0248   4.4018
  4.6891   4.8406
  5.0461   5.2462
  4.8750   5.4717
  3.9292   5.3481
  5.7158   6.1308
  5.3643   6.0417
