  0.0001   0.0001
  0.5208   0.5200
  0.5787   0.5788
  0.5054   0.4916
  0.5117   0.5069
  0.5727   0.5174
  0.6395   0.5477
  0.7120   0.6125
  0.6356   0.5139
  0.5052   0.4802
  0.5147   0.4519
  0.5187   0.4739
  0.4958   0.4921
  0.3728   0.4316
  0.3706   0.4173
  0.3395   0.4198
  0.3937   0.4017
  0.3485   0.3036
  0.3171   0.2327
  0.2219   0.1777
  0.1927   0.1736
  0.1919   0.1849
  0.1983   0.1711
  0.1833   0.1662
  0.1811   0.1654
  0.1826   0.1547
  0.1510   0.1686
  0.1684   0.1415
  0.1504   0.1224
  0.1431   0.1080
  0.1248   0.1132
  0.1102   0.1073
  0.1147   0.1178
  0.1186   0.1130
  0.1024   0.1131
  0.0936   0.0891
  0.0838   0.0793
  0.0976   0.0872
  0.1051   0.0945
  0.1015   0.0986
  0.0817   0.0963
  0.1190   0.1104
  0.1119   0.1088
